Zeit(ms)	Ueberdruck(kPa)
0,000	0,000
0,001	0,000
0,003	0,000
0,004	0,000
0,006	0,000
0,007	0,000
0,009	0,000
0,010	0,000
0,011	0,000
0,013	0,000
0,014	0,000
0,015	0,000
0,016	0,000
0,017	0,000
0,018	0,000
0,020	0,000
0,021	0,000
0,022	0,000
0,023	0,000
0,024	0,000
0,025	0,000
0,027	0,000
0,028	0,000
0,029	0,000
0,030	0,000
0,031	0,000
0,033	0,000
0,034	0,000
0,035	0,000
0,036	0,000
0,037	0,000
0,039	0,000
0,040	0,000
0,043	0,000
0,046	0,000
0,048	0,000
0,051	0,000
0,054	0,000
0,056	0,000
0,059	0,000
0,062	0,000
0,065	0,000
0,068	0,000
0,071	0,000
0,074	0,000
0,077	0,000
0,080	0,000
0,083	0,000
0,086	0,000
0,090	0,000
0,093	0,000
0,096	0,000
0,099	0,000
0,103	0,000
0,107	0,000
0,114	0,000
0,121	0,000
0,129	0,000
0,136	0,000
0,144	0,000
0,152	0,000
0,160	0,000
0,168	0,000
0,177	0,000
0,185	0,000
0,194	0,000
0,203	0,000
0,212	0,000
0,222	0,000
0,232	0,000
0,241	0,000
0,251	0,000
0,262	0,000
0,272	0,000
0,283	0,000
0,293	0,000
0,416	0,000
0,449	0,000
0,485	0,000
0,524	0,000
0,565	0,000
0,607	0,000
0,648	0,000
0,686	0,000
0,722	0,000
0,757	0,000
0,791	0,000
0,826	0,000
0,861	0,000
0,898	0,000
0,973	0,000
1,057	0,000
1,136	0,000
1,215	0,000
1,297	0,000
1,376	0,000
1,456	0,000
1,539	0,000
1,624	0,000
1,711	0,000
1,800	0,000
1,892	0,000
1,989	0,000
2,092	0,000
2,198	0,000
2,301	0,000
2,403	0,000
2,506	0,350
2,609	28,500
2,713	340,650
2,818	571,960
2,920	516,640
3,023	580,630
3,128	725,680
3,234	638,900
3,340	475,530
3,448	366,520
3,558	289,000
3,671	231,520
3,787	187,040
3,906	150,980
4,029	120,740
4,155	94,900
4,281	73,490
4,403	56,060
4,524	41,520
4,645	29,040
4,769	18,000
4,899	8,060
5,031	-0,690
5,160	-8,163
5,287	-14,674
5,413	-20,208
5,539	28,090
5,666	176,250
5,795	158,220
5,925	130,600
6,054	107,380
6,183	87,840
6,313	70,680
6,443	55,630
6,567	42,980
6,689	32,100
6,812	22,480
6,936	13,880
7,062	6,100
7,190	-0,920
7,321	-7,300
7,454	-13,091
7,589	-18,350
7,725	-23,102
7,862	-27,402
8,001	-31,311
8,138	-34,806
8,274	-37,925
8,412	-40,780
8,552	-43,406
8,695	-45,809
8,836	-47,949
8,975	-49,828
9,112	-51,469
9,248	-53,211
9,382	-43,264
9,514	58,980
9,646	87,960
9,778	78,760
9,910	67,410
10,043	56,150
10,178	45,350
10,314	35,370
10,451	26,700
10,588	19,510
10,726	12,890
10,864	6,600
11,001	0,800
11,140	-4,500
11,278	-9,432
11,415	-14,040
11,550	-18,364
11,684	-22,287
11,817	-25,811
11,948	-28,950
12,078	-31,741
12,206	-34,304
12,334	-36,676
12,462	-38,932
12,589	-41,128
12,715	-43,324
12,842	-45,229
12,967	-46,673
13,093	-47,561
13,217	-47,698
13,341	-46,840
13,465	-44,936
13,587	-41,012
13,709	-28,513
13,831	-10,300
13,952	-5,987
14,072	-5,145
14,194	-5,730
14,318	-7,110
14,447	-8,283
14,580	-9,029
14,716	-6,285
14,851	1,140
14,985	10,520
15,119	17,560
15,252	20,690
15,387	21,600
15,523	20,790
15,662	19,160
15,806	17,650
15,953	17,180
16,102	18,670
16,253	22,800
16,403	24,600
16,549	24,110
16,689	22,340
16,824	19,360
16,959	15,240
17,086	11,180
17,214	7,130
17,346	3,150
17,483	-0,610
17,621	-3,761
17,753	-6,045
17,883	-7,516
18,015	-8,477
18,153	-9,340
18,301	-10,457
18,449	-11,703
18,598	-12,784
18,747	-14,726
18,895	-17,455
19,041	-20,416
19,186	-23,645
19,335	-27,077
19,488	-30,628
19,642	-34,050
19,799	-37,284
19,956	-40,235
20,113	-42,867
20,267	-45,126
20,418	-46,987
20,567	-48,491
20,716	-49,650
20,863	-50,463
21,008	-50,993
21,153	-51,192
21,299	-51,082
21,443	-50,623
21,587	-49,906
21,731	-49,201
21,876	-48,842
22,022	-48,865
22,170	-46,635
22,320	-24,960
22,472	-11,601
22,626	-10,523
22,781	-9,954
22,937	-3,274
23,093	8,690
23,249	8,990
23,405	6,330
23,561	3,720
23,718	1,430
23,875	-1,413
24,033	-5,147
24,190	-9,145
24,347	-13,319
24,507	-17,469
24,667	-21,144
24,828	-24,281
24,990	-26,804
25,149	-28,704
25,308	-29,948
25,470	-30,660
25,633	-30,926
25,796	-30,694
25,960	-29,333
26,126	-25,641
26,293	-17,297
26,456	-0,590
26,616	51,870
26,776	54,690
26,935	47,820
27,097	37,780
27,258	31,870
27,420	27,090
27,581	22,820
27,743	18,270
27,904	13,490
28,064	8,740
28,223	3,650
28,382	-1,415
28,541	-6,208
28,700	-10,141
28,859	-12,481
29,018	-13,210
29,177	-12,286
29,336	-11,354
29,497	-12,052
29,663	-14,855
29,832	-19,412
29,997	-24,111
30,162	-28,142
30,325	-31,244
30,490	-33,477
30,653	-34,921
30,815	-35,522
30,974	-35,388
31,133	-34,812
31,291	-34,120
31,446	-33,431
31,600	-32,629
31,755	-31,460
31,912	-29,852
32,069	-27,798
32,225	-25,352
32,379	-22,001
32,529	-14,988
32,674	-7,391
32,815	-3,809
32,955	-2,259
33,092	-1,888
33,228	-2,410
33,362	-3,493
33,494	-5,028
33,623	-5,956
33,751	-5,861
33,876	-4,954
34,001	-3,855
34,125	-2,940
34,250	-2,191
34,374	-1,435
34,500	-0,560
34,627	0,460
34,754	1,440
34,883	1,900
35,013	1,480
35,145	0,000
35,277	-1,789
35,411	-3,583
35,546	-5,581
35,683	-7,931
35,824	-10,232
35,970	-12,297
36,120	-13,969
36,275	-15,245
36,436	-15,876
36,601	-15,755
36,766	-14,864
36,932	-13,104
37,098	-9,563
37,263	-4,182
37,425	1,500
37,584	6,790
37,741	10,560
37,897	12,640
38,051	12,860
38,205	11,580
38,358	9,550
38,511	7,480
38,663	6,240
38,816	6,130
38,968	7,540
39,120	9,990
39,273	11,770
39,426	10,960
39,580	7,050
39,735	2,430
39,891	-2,388
40,049	-6,569
40,208	-9,247
40,369	-10,063
40,533	-8,984
40,700	-7,084
40,870	-5,300
41,039	-4,217
41,207	-4,034
41,375	-4,827
41,542	-5,753
41,710	-6,289
41,877	-6,098
42,044	-5,020
42,211	-2,848
42,377	-0,050
42,543	3,490
42,710	8,450
42,877	14,090
43,044	16,980
43,211	17,600
43,375	16,540
43,538	14,780
43,699	13,310
43,859	12,250
44,018	12,930
44,177	16,880
44,338	19,100
44,501	17,470
44,666	14,030
44,832	11,540
45,001	10,480
45,170	10,390
45,340	10,760
45,509	11,420
45,677	12,500
45,846	13,620
46,017	14,500
46,187	15,110
46,357	15,630
46,527	16,350
46,697	17,220
46,867	18,000
47,036	18,250
47,205	17,660
47,373	16,150
47,541	13,870
47,708	10,920
47,875	7,640
48,042	4,500
48,209	1,680
48,376	-1,030
48,544	-3,131
48,712	-4,914
48,880	-6,781
49,049	-8,955
49,217	-11,370
49,386	-13,862
49,553	-16,426
49,721	-19,009
49,888	-21,475
50,056	-23,854
50,225	-26,154
50,394	-28,205
50,563	-29,778
50,734	-30,758
50,904	-31,101
51,076	-30,560
51,249	-28,919
51,422	-26,129
51,594	-22,322
51,766	-17,803
51,940	-13,779
52,115	-10,996
52,291	-9,423
52,467	-8,298
52,642	-6,576
52,817	-3,306
52,993	1,370
53,168	6,600
53,344	12,340
53,520	18,400
53,697	24,520
53,873	28,120
54,047	28,280
54,221	26,050
54,396	22,640
54,569	18,980
54,741	15,750
54,911	13,210
55,081	11,890
55,249	11,330
55,417	11,290
55,585	11,970
55,753	13,690
55,923	16,760
56,094	21,560
56,267	26,780
56,442	28,610
56,619	26,780
56,798	21,760
56,977	15,000
57,157	9,140
57,336	4,090
57,514	-0,320
57,693	-3,880
57,872	-6,534
58,051	-8,125
58,232	-8,695
58,412	-8,551
58,592	-7,933
58,771	-7,345
58,950	-6,789
59,128	-5,808
59,305	-4,566
59,481	-3,509
59,656	-2,707
59,829	-2,168
60,002	-1,872
60,174	-1,860
60,346	-2,660
60,519	-4,221
60,691	-5,715
60,865	-7,045
61,038	-8,113
61,212	-8,582
61,387	-8,496
61,563	-7,794
61,742	-5,903
61,922	-2,905
62,104	-0,660
62,285	0,100
62,465	-0,070
62,645	-0,230
62,824	0,010
63,005	-0,270
63,184	-1,120
63,363	-1,572
63,541	-1,120
63,719	-0,010
63,897	1,650
64,076	3,780
64,254	6,160
64,432	7,350
64,609	7,010
64,787	5,920
64,964	4,730
65,143	3,730
65,321	2,730
65,499	1,390
65,676	-0,350
65,853	-2,387
66,030	-4,361
66,206	-5,965
66,382	-6,955
66,559	-7,064
66,738	-6,340
66,917	-4,976
67,099	-2,957
67,282	-0,580
67,467	1,390
67,652	2,450
67,839	2,650
68,025	2,170
68,212	1,440
68,396	0,560
68,580	-0,320
68,763	-1,120
68,946	-2,176
69,128	-3,519
69,308	-4,920
69,487	-6,268
69,665	-7,601
69,843	-8,660
70,024	-9,591
70,207	-10,415
70,391	-11,054
70,574	-11,487
70,758	-11,611
70,943	-11,349
71,126	-10,647
71,310	-9,618
71,493	-8,758
71,676	-8,416
71,860	-8,631
72,043	-9,457
72,227	-10,703
72,411	-11,993
72,594	-12,854
72,775	-13,228
72,956	-13,124
73,134	-12,676
73,306	-12,012
73,475	-11,289
73,643	-10,644
73,812	-10,218
73,981	-10,096
74,151	-10,143
74,322	-9,981
74,494	-9,363
74,667	-8,066
74,842	-5,938
75,018	-2,741
75,195	2,280
75,374	10,450
75,553	21,210
75,734	30,850
75,917	35,500
76,101	35,900
76,284	33,750
76,468	30,830
76,653	27,730
76,839	24,210
77,025	20,310
77,210	16,600
77,396	13,540
77,581	11,180
77,765	9,640
77,948	9,000
78,129	8,960
78,311	9,040
78,492	8,950
78,673	8,840
78,854	8,700
79,035	8,440
79,217	8,050
79,398	7,350
79,581	6,150
79,764	4,470
79,948	2,520
80,134	0,390
80,320	-1,727
80,506	-3,501
80,692	-4,940
80,878	-5,932
81,064	-6,413
81,251	-6,235
81,437	-5,434
81,624	-4,495
81,811	-3,762
81,999	-3,312
82,188	-3,378
82,377	-3,889
82,568	-4,497
82,758	-5,151
82,949	-5,869
83,140	-6,488
83,330	-6,938
83,521	-7,117
83,712	-6,935
83,901	-6,396
84,089	-5,616
84,277	-4,859
84,464	-4,329
84,650	-4,040
84,835	-4,032
85,021	-4,256
85,206	-4,600
85,392	-5,030
85,578	-5,441
85,764	-5,795
85,951	-5,985
86,137	-5,979
86,323	-5,702
86,509	-5,117
86,694	-4,316
86,878	-3,349
87,061	-2,354
87,243	-1,666
87,425	-1,370
87,606	-1,314
87,787	-1,366
87,968	-1,348
88,148	-1,160
88,329	-0,760
88,510	-0,120
88,692	0,730
88,876	1,730
89,061	2,750
89,250	3,510
89,438	3,860
89,627	3,820
89,817	3,400
90,007	2,710
90,197	1,860
90,388	0,960
90,578	0,110
90,768	-0,610
90,959	-1,200
91,148	-1,541
91,336	-1,607
91,524	-1,404
91,711	-0,960
91,897	-0,480
92,084	0,080
92,271	0,720
92,459	1,520
92,647	2,340
92,837	2,920
93,027	3,040
93,219	2,780
93,413	2,340
93,606	1,700
93,800	1,030
93,993	0,620
94,186	0,730
94,379	1,530
94,572	2,940
94,764	4,750
94,956	6,310
95,147	6,650
95,339	5,670
95,531	4,140
95,723	2,690
95,915	1,690
96,107	1,160
96,299	1,010
96,491	1,370
96,683	2,330
96,875	3,520
97,067	4,460
97,259	4,800
97,451	4,640
97,643	4,210
97,835	3,820
98,027	3,610
98,219	3,450
98,411	3,140
98,602	2,770
98,794	2,470
98,985	2,270
99,177	2,110
99,368	1,870
99,559	1,500
99,751	1,050
99,942	0,610
100,130	0,120
100,330	-0,540
100,520	-1,304
100,710	-2,147
100,900	-3,010
101,100	-3,906
101,290	-4,799
101,480	-5,714
101,680	-6,626
101,870	-7,400
102,060	-8,012
102,260	-8,410
102,450	-8,600
102,640	-8,535
102,840	-8,253
103,030	-7,724
103,220	-7,103
103,410	-6,414
103,600	-5,684
103,790	-4,987
103,980	-4,358
104,160	-3,835
104,350	-3,383
104,540	-2,891
104,730	-2,215
104,920	-1,330
105,100	-0,330
105,290	0,500
105,480	1,050
105,670	1,410
105,850	1,680
106,040	1,880
106,230	1,990
106,420	2,120
106,610	2,290
106,800	2,580
106,990	2,850
107,180	2,990
107,370	2,970
107,570	2,670
107,760	2,150
107,950	1,520
108,150	0,920
108,340	0,500
108,530	0,300
108,730	0,270
108,920	0,410
109,120	0,580
109,310	0,700
109,510	0,780
109,700	0,870
109,900	1,070
110,090	1,310
110,290	1,470
110,490	1,560
110,680	1,600
110,880	1,590
111,070	1,580
111,260	1,630
111,460	1,690
111,650	1,740
111,850	1,760
112,050	1,760
112,240	1,730
112,440	1,650
112,630	1,560
112,830	1,460
113,030	1,390
113,220	1,390
113,420	1,490
113,620	1,720
113,820	2,160
114,010	2,750
114,210	3,320
114,410	3,680
114,600	3,730
114,800	3,550
115,000	3,230
115,200	2,800
115,390	2,360
115,590	1,920
115,790	1,400
115,980	0,910
116,180	0,630
116,370	0,470
116,570	0,380
116,760	0,350
116,960	0,330
117,160	0,310
117,350	0,260
117,550	0,120
117,750	-0,100
117,950	-0,520
118,140	-1,020
118,340	-1,585
118,540	-2,133
118,740	-2,500
118,930	-2,691
119,130	-2,843
119,330	-3,027
119,530	-3,329
119,720	-3,686
119,920	-4,033
120,120	-4,301
120,310	-4,462
120,510	-4,504
120,700	-4,502
120,900	-4,539
121,090	-4,587
121,290	-4,656
121,480	-4,770
121,680	-4,875
121,880	-4,927
122,070	-4,930
122,270	-4,861
122,470	-4,662
122,660	-4,412
122,860	-4,118
123,050	-3,775
123,250	-3,384
123,450	-2,929
123,640	-2,377
123,840	-1,806
124,030	-1,260
124,230	-0,790
124,430	-0,410
124,620	-0,080
124,820	0,190
125,010	0,410
125,210	0,660
125,410	1,000
125,600	1,420
125,800	1,930
126,000	2,400
126,200	2,730
126,400	2,940
126,600	3,100
126,790	3,220
127,000	3,360
127,200	3,550
127,400	3,810
127,600	4,180
127,800	4,640
128,000	5,170
128,200	5,710
128,400	6,130
128,590	6,400
128,790	6,470
128,990	6,340
129,190	6,040
129,390	5,590
129,580	5,090
129,780	4,590
129,980	4,080
130,170	3,570
130,370	3,040
130,560	2,460
130,760	1,960
130,960	1,430
131,150	1,000
131,350	0,560
131,540	0,170
131,740	-0,220
131,940	-0,560
132,140	-0,880
132,330	-1,180
132,530	-1,448
132,730	-1,697
132,930	-1,925
133,120	-2,102
133,320	-2,253
133,520	-2,378
133,720	-2,487
133,920	-2,568
134,120	-2,619
134,320	-2,696
134,520	-2,789
134,720	-2,872
134,920	-2,977
135,120	-3,097
135,320	-3,169
135,520	-3,196
135,720	-3,155
135,920	-3,033
136,120	-2,843
136,320	-2,613
136,520	-2,350
136,720	-2,126
136,920	-1,972
137,120	-1,880
137,320	-1,752
137,520	-1,550
137,720	-1,270
137,920	-0,900
138,130	-0,430
138,330	0,140
138,530	0,750
138,730	1,370
138,920	1,900
139,120	2,340
139,320	2,600
139,520	2,700
139,710	2,640
139,910	2,480
140,110	2,270
140,300	2,010
140,500	1,750
140,690	1,530
140,890	1,340
141,080	1,170
141,280	1,020
141,480	0,910
141,670	0,790
141,870	0,640
142,060	0,460
142,260	0,250
142,460	-0,010
142,660	-0,320
142,850	-0,650
143,050	-1,010
143,250	-1,365
143,450	-1,704
143,650	-1,987
143,850	-2,235
144,050	-2,448
144,250	-2,600
144,450	-2,679
144,650	-2,702
144,850	-2,653
145,060	-2,501
145,260	-2,266
145,460	-1,976
145,660	-1,637
145,860	-1,270
146,070	-0,910
146,270	-0,590
146,470	-0,260
146,670	0,030
146,870	0,300
147,080	0,600
147,280	0,920
147,480	1,260
147,680	1,610
147,880	1,970
148,080	2,340
148,280	2,720
148,490	3,100
148,690	3,480
148,890	3,830
149,090	4,150
149,290	4,400
149,490	4,610
149,690	4,750
149,890	4,810
150,090	4,790
150,290	4,670
150,490	4,490
150,690	4,250
150,890	3,910
151,090	3,510
151,290	3,070
151,490	2,590
151,690	2,110
151,900	1,640
152,100	1,140
152,300	0,660
152,500	0,140
152,700	-0,390
152,900	-0,940
153,100	-1,487
153,300	-2,046
153,500	-2,581
153,710	-3,072
153,910	-3,531
154,110	-3,942
154,310	-4,278
154,520	-4,561
154,720	-4,752
154,920	-4,865
155,130	-4,883
155,330	-4,826
155,530	-4,705
155,740	-4,505
155,940	-4,252
156,150	-3,947
156,350	-3,561
156,560	-3,082
156,760	-2,571
156,960	-2,067
157,170	-1,554
157,370	-1,050
157,570	-0,550
157,780	-0,060
157,980	0,370
158,180	0,720
158,380	1,010
158,580	1,210
158,790	1,330
158,990	1,390
159,190	1,410
159,390	1,420
159,600	1,430
159,800	1,480
160,000	1,540
160,210	1,600
160,410	1,640
160,610	1,640
160,820	1,650
161,020	1,670
161,230	1,630
161,430	1,560
161,630	1,460
161,840	1,340
162,040	1,240
162,240	1,160
162,450	1,080
162,650	0,990
162,860	0,920
163,060	0,880
163,270	0,840
163,470	0,780
163,680	0,740
163,880	0,700
164,090	0,680
164,290	0,690
164,500	0,700
164,700	0,710
164,910	0,740
165,120	0,760
165,320	0,780
165,530	0,790
165,730	0,800
165,940	0,810
166,140	0,790
166,350	0,750
166,560	0,700
166,760	0,630
166,970	0,570
167,170	0,520
167,380	0,480
167,580	0,420
167,790	0,360
167,990	0,270
168,200	0,160
168,400	0,020
168,610	-0,150
168,810	-0,320
169,020	-0,470
169,220	-0,620
169,430	-0,750
169,630	-0,830
169,840	-0,890
170,040	-0,900
170,250	-0,890
170,450	-0,850
170,660	-0,810
170,860	-0,750
171,070	-0,710
171,280	-0,670
171,480	-0,640
171,690	-0,620
171,900	-0,610
172,100	-0,600
172,310	-0,600
172,520	-0,610
172,720	-0,620
172,930	-0,620
173,140	-0,610
173,340	-0,640
173,550	-0,660
173,760	-0,690
173,970	-0,730
174,170	-0,780
174,380	-0,810
174,590	-0,840
174,790	-0,850
175,000	-0,840
175,210	-0,810
175,410	-0,760
175,620	-0,710
175,830	-0,630
176,030	-0,560
176,240	-0,490
176,440	-0,400
176,650	-0,320
176,850	-0,260
177,060	-0,210
177,270	-0,130
177,470	-0,070
177,680	0,030
177,880	0,150
178,090	0,280
178,300	0,380
178,500	0,480
178,710	0,560
178,920	0,600
179,120	0,610
179,330	0,600
179,540	0,600
179,740	0,570
179,950	0,530
180,160	0,490
180,370	0,450
180,570	0,430
180,780	0,440
180,990	0,460
181,200	0,520
181,410	0,580
181,620	0,650
181,830	0,730
182,040	0,790
182,250	0,790
182,460	0,760
182,660	0,700
182,870	0,630
183,080	0,620
183,290	0,600
183,500	0,570
183,710	0,510
183,920	0,430
184,130	0,320
184,330	0,170
184,540	0,050
184,750	-0,050
184,960	-0,130
185,170	-0,210
185,380	-0,290
185,590	-0,340
185,800	-0,360
186,010	-0,380
186,220	-0,390
186,430	-0,400
186,640	-0,400
186,840	-0,380
187,050	-0,380
187,260	-0,380
187,470	-0,350
187,680	-0,330
187,890	-0,270
188,100	-0,230
188,310	-0,190
188,520	-0,160
188,730	-0,130
188,940	-0,160
189,150	-0,170
189,360	-0,180
189,570	-0,210
189,780	-0,230
189,990	-0,230
190,200	-0,210
190,410	-0,160
190,620	-0,100
190,830	-0,040
191,040	0,030
191,250	0,100
191,460	0,160
191,670	0,180
191,880	0,190
192,090	0,130
192,300	0,040
192,510	-0,090
192,720	-0,240
192,930	-0,400
193,140	-0,550
193,350	-0,690
193,560	-0,830
193,770	-0,980
193,980	-1,120
194,190	-1,230
194,400	-1,318
194,610	-1,391
194,820	-1,460
195,030	-1,506
195,240	-1,528
195,450	-1,540
195,660	-1,536
195,870	-1,487
196,070	-1,412
196,280	-1,304
196,490	-1,180
196,700	-1,020
196,910	-0,830
197,120	-0,600
197,340	-0,350
197,550	-0,090
197,760	0,190
197,970	0,490
198,180	0,790
198,390	1,070
198,600	1,340
198,810	1,620
199,020	1,850
199,230	2,050
199,440	2,220
199,650	2,390
199,860	2,540
200,070	2,660
200,280	2,730
200,490	2,790
200,700	2,800
200,910	2,790
201,120	2,710
201,330	2,580
201,540	2,440
201,750	2,270
201,960	2,040
202,170	1,760
202,380	1,410
202,590	1,070
202,800	0,720
203,010	0,370
203,220	0,030
203,430	-0,310
203,640	-0,650
203,850	-0,960
204,060	-1,220
204,270	-1,494
204,490	-1,735
204,700	-1,972
204,910	-2,166
205,120	-2,315
205,330	-2,438
205,540	-2,530
205,750	-2,559
205,960	-2,530
206,170	-2,492
206,380	-2,384
206,590	-2,229
206,800	-2,083
207,010	-1,899
207,220	-1,688
207,430	-1,483
207,640	-1,270
207,860	-1,050
208,070	-0,820
208,280	-0,580
208,490	-0,340
208,700	-0,090
208,910	0,150
209,120	0,360
209,330	0,570
209,540	0,760
209,760	0,920
209,970	1,060
210,180	1,190
210,390	1,270
210,600	1,340
210,810	1,400
211,020	1,420
211,230	1,440
211,450	1,430
211,660	1,400
211,870	1,330
212,080	1,240
212,290	1,120
212,500	0,980
212,710	0,820
212,930	0,640
213,140	0,450
213,350	0,240
213,560	0,040
213,770	-0,130
213,980	-0,290
214,190	-0,410
214,400	-0,530
214,610	-0,590
214,830	-0,620
215,040	-0,640
215,250	-0,640
215,460	-0,620
215,670	-0,570
215,880	-0,500
216,090	-0,430
216,300	-0,360
216,510	-0,300
216,730	-0,240
216,940	-0,180
217,150	-0,120
217,360	-0,080
217,570	-0,020
217,780	0,040
217,990	0,100
218,210	0,170
218,420	0,240
218,630	0,300
218,840	0,360
219,050	0,410
219,260	0,440
219,480	0,450
219,690	0,460
219,900	0,430
220,110	0,400
220,320	0,360
220,530	0,310
220,750	0,260
220,960	0,210
221,170	0,180
221,380	0,140
221,590	0,120
221,810	0,100
222,020	0,100
222,230	0,110
222,440	0,110
222,650	0,090
222,860	0,100
223,080	0,110
223,290	0,110
223,500	0,100
223,710	0,100
223,920	0,100
224,130	0,120
224,350	0,140
224,560	0,160
224,770	0,170
224,980	0,160
225,190	0,150
225,410	0,110
225,620	0,070
225,830	0,030
226,040	-0,040
226,250	-0,100
226,460	-0,180
226,680	-0,260
226,890	-0,360
227,100	-0,440
227,310	-0,530
227,530	-0,610
227,740	-0,680
227,950	-0,750
228,160	-0,800
228,380	-0,820
228,590	-0,840
228,800	-0,840
229,010	-0,820
229,230	-0,780
229,440	-0,720
229,650	-0,650
229,870	-0,570
230,080	-0,480
230,290	-0,380
230,510	-0,280
230,720	-0,180
230,930	-0,090
231,150	-0,020
231,360	0,020
231,570	0,060
231,790	0,090
232,000	0,120
232,210	0,140
232,430	0,160
232,640	0,180
232,860	0,210
233,070	0,260
233,290	0,320
233,500	0,390
233,720	0,470
233,930	0,560
234,140	0,670
234,360	0,770
234,570	0,860
234,790	0,950
235,000	1,040
235,220	1,100
235,430	1,140
235,650	1,160
235,860	1,140
236,080	1,100
236,290	1,040
236,510	0,950
236,720	0,840
236,940	0,710
237,150	0,590
237,370	0,450
237,580	0,300
237,800	0,160
238,010	0,010
238,230	-0,150
238,440	-0,300
238,660	-0,430
238,870	-0,550
239,090	-0,660
239,310	-0,760
239,520	-0,830
239,740	-0,880
239,950	-0,920
240,170	-0,940
240,380	-0,930
240,600	-0,920
240,810	-0,910
241,030	-0,870
241,240	-0,820
241,460	-0,770
241,680	-0,690
241,890	-0,620
242,110	-0,520
242,320	-0,410
242,540	-0,290
242,750	-0,180
242,970	-0,070
243,190	0,040
243,400	0,140
243,620	0,220
243,830	0,290
244,050	0,350
244,270	0,400
244,480	0,430
244,700	0,460
244,920	0,460
245,130	0,450
245,350	0,430
245,570	0,390
245,780	0,330
246,000	0,270
246,220	0,190
246,430	0,100
246,650	0,010
246,870	-0,070
247,090	-0,170
247,300	-0,260
247,520	-0,330
247,740	-0,400
247,950	-0,460
248,170	-0,500
248,390	-0,520
248,610	-0,530
248,820	-0,530
249,040	-0,510
249,260	-0,480
249,480	-0,440
249,700	-0,390
249,910	-0,320
250,130	-0,250
250,350	-0,160
250,570	-0,050
250,780	0,050
251,000	0,150
251,220	0,270
251,440	0,390
251,660	0,510
251,880	0,620
252,090	0,730
252,310	0,830
252,530	0,920
252,750	0,980
252,970	1,030
253,190	1,040
253,410	1,030
253,630	0,990
253,850	0,920
254,060	0,840
254,280	0,740
254,500	0,620
254,720	0,470
254,940	0,320
255,150	0,160
255,370	-0,010
255,590	-0,180
255,810	-0,350
256,030	-0,520
256,240	-0,670
256,460	-0,810
256,680	-0,930
256,900	-1,030
257,120	-1,110
257,340	-1,150
257,560	-1,170
257,780	-1,160
258,000	-1,130
258,220	-1,080
258,440	-0,990
258,660	-0,890
258,880	-0,770
259,100	-0,630
259,320	-0,490
259,540	-0,330
259,760	-0,180
259,970	-0,030
260,190	0,110
260,410	0,240
260,630	0,360
260,850	0,460
261,070	0,550
261,290	0,620
261,510	0,690
261,730	0,740
261,950	0,770
262,170	0,790
262,390	0,790
262,610	0,780
262,830	0,760
263,050	0,730
263,270	0,690
263,490	0,640
263,710	0,580
263,930	0,520
264,150	0,450
264,370	0,370
264,590	0,280
264,810	0,190
265,030	0,090
265,250	-0,020
265,470	-0,130
265,690	-0,250
265,910	-0,380
266,130	-0,510
266,350	-0,640
266,570	-0,760
266,790	-0,880
267,010	-0,980
267,230	-1,060
267,450	-1,110
267,670	-1,130
267,890	-1,130
268,110	-1,100
268,330	-1,040
268,560	-0,950
268,780	-0,830
269,000	-0,690
269,220	-0,530
269,440	-0,360
269,660	-0,190
269,880	-0,020
270,100	0,140
270,320	0,300
270,540	0,450
270,760	0,570
270,980	0,690
271,200	0,770
271,420	0,840
271,640	0,900
271,870	0,940
272,090	0,960
272,310	0,980
272,530	0,980
272,750	0,960
272,970	0,930
273,190	0,880
273,410	0,840
273,630	0,780
273,850	0,690
274,080	0,600
274,300	0,500
274,520	0,390
274,740	0,270
274,960	0,150
275,180	0,030
275,400	-0,090
275,620	-0,210
275,840	-0,320
276,070	-0,420
276,290	-0,510
276,510	-0,590
276,730	-0,660
276,950	-0,710
277,170	-0,750
277,390	-0,770
277,620	-0,780
277,840	-0,780
278,060	-0,760
278,280	-0,740
278,510	-0,700
278,730	-0,650
278,950	-0,590
279,170	-0,540
279,400	-0,490
279,620	-0,420
279,840	-0,360
280,060	-0,300
280,280	-0,250
280,500	-0,190
280,730	-0,140
280,950	-0,090
281,170	-0,030
281,390	0,030
281,610	0,060
281,830	0,100
282,060	0,140
282,280	0,170
282,500	0,190
282,720	0,220
282,940	0,230
283,170	0,250
283,390	0,260
283,610	0,260
283,830	0,250
284,060	0,240
284,280	0,230
284,500	0,210
284,720	0,190
284,950	0,180
285,170	0,150
285,390	0,140
285,610	0,130
285,840	0,110
286,060	0,090
286,280	0,090
286,500	0,080
286,720	0,070
286,950	0,080
287,170	0,080
287,390	0,090
287,610	0,100
287,840	0,110
288,060	0,130
288,280	0,150
288,500	0,170
288,730	0,180
288,950	0,190
289,170	0,200
289,390	0,200
289,620	0,190
289,840	0,160
290,060	0,120
290,290	0,070
290,510	0,020
290,730	-0,050
290,950	-0,120
291,180	-0,200
291,400	-0,270
291,620	-0,340
291,840	-0,400
292,070	-0,450
292,290	-0,500
292,510	-0,530
292,740	-0,550
292,960	-0,550
293,180	-0,540
293,410	-0,520
293,630	-0,480
293,850	-0,430
294,080	-0,360
294,300	-0,300
294,520	-0,220
294,750	-0,140
294,970	-0,060
295,190	0,010
295,420	0,080
295,640	0,150
295,860	0,210
296,090	0,270
296,310	0,320
296,530	0,360
296,760	0,390
296,980	0,410
297,200	0,420
297,430	0,420
297,650	0,410
297,870	0,400
298,100	0,370
298,320	0,340
298,540	0,300
298,770	0,250
298,990	0,190
299,210	0,130
299,440	0,070
299,660	0,000
299,880	-0,080
300,110	-0,140
300,330	-0,210
300,560	-0,280
300,780	-0,350
301,000	-0,410
301,230	-0,450
301,450	-0,490
301,680	-0,520
301,900	-0,540
302,120	-0,550
302,350	-0,550
302,570	-0,530
302,800	-0,500
303,020	-0,460
303,240	-0,400
303,470	-0,340
303,690	-0,270
303,910	-0,190
304,140	-0,110
304,360	-0,040
304,590	0,050
304,810	0,130
305,040	0,200
305,260	0,260
305,480	0,310
305,710	0,350
305,930	0,390
306,160	0,420
306,380	0,440
306,610	0,440
306,830	0,440
307,060	0,440
307,280	0,430
307,510	0,400
307,730	0,380
307,950	0,340
308,180	0,310
308,400	0,260
308,630	0,210
308,850	0,160
309,080	0,110
309,300	0,050
309,520	-0,010
309,750	-0,070
309,970	-0,130
310,200	-0,190
310,420	-0,240
310,650	-0,290
310,870	-0,340
311,100	-0,370
311,320	-0,400
311,550	-0,410
311,770	-0,420
312,000	-0,430
312,220	-0,420
312,450	-0,390
312,670	-0,360
312,900	-0,320
313,120	-0,290
313,350	-0,230
313,570	-0,180
313,800	-0,130
314,020	-0,080
314,250	-0,020
314,470	0,030
314,700	0,070
314,930	0,110
315,150	0,150
315,380	0,180
315,600	0,210
315,830	0,220
316,050	0,230
316,280	0,230
316,510	0,230
316,730	0,220
316,960	0,210
317,180	0,180
317,410	0,160
317,630	0,120
317,860	0,090
318,090	0,040
318,310	0,000
318,540	-0,050
318,760	-0,100
318,990	-0,150
319,210	-0,200
319,440	-0,240
319,670	-0,290
319,890	-0,330
320,120	-0,360
320,340	-0,390
320,570	-0,420
320,800	-0,430
321,020	-0,430
321,250	-0,420
321,470	-0,400
321,700	-0,380
321,920	-0,330
322,150	-0,270
322,380	-0,210
322,600	-0,140
322,830	-0,060
323,050	0,030
323,280	0,120
323,500	0,210
323,730	0,300
323,960	0,380
324,180	0,460
324,410	0,520
324,630	0,570
324,860	0,610
325,090	0,640
325,310	0,640
325,540	0,620
325,770	0,590
325,990	0,540
326,220	0,480
326,450	0,400
326,670	0,320
326,900	0,230
327,130	0,130
327,360	0,040
327,580	-0,040
327,810	-0,140
328,040	-0,220
328,260	-0,300
328,490	-0,370
328,720	-0,430
328,950	-0,490
329,170	-0,530
329,400	-0,560
329,630	-0,590
329,860	-0,610
330,080	-0,610
330,310	-0,600
330,540	-0,580
330,770	-0,550
331,000	-0,510
331,220	-0,470
331,450	-0,410
331,680	-0,350
331,910	-0,280
332,130	-0,210
332,360	-0,140
332,590	-0,060
332,810	0,010
333,040	0,080
333,270	0,140
333,500	0,190
333,720	0,250
333,950	0,290
334,180	0,320
334,410	0,350
334,630	0,360
334,860	0,370
335,090	0,370
335,320	0,360
335,550	0,340
335,770	0,320
336,000	0,290
336,230	0,260
336,460	0,230
336,690	0,190
336,920	0,150
337,140	0,110
337,370	0,070
337,600	0,030
337,830	-0,010
338,060	-0,050
338,290	-0,080
338,520	-0,110
338,750	-0,140
338,980	-0,170
339,200	-0,190
339,430	-0,210
339,660	-0,220
339,890	-0,230
340,120	-0,240
340,350	-0,250
340,580	-0,250
340,810	-0,240
341,030	-0,240
341,260	-0,220
341,490	-0,210
341,720	-0,190
341,950	-0,180
342,180	-0,150
342,400	-0,130
342,630	-0,110
342,860	-0,090
343,090	-0,070
343,320	-0,040
343,550	-0,020
343,770	0,000
344,000	0,020
344,230	0,040
344,460	0,050
344,690	0,060
344,920	0,070
345,150	0,070
345,370	0,080
345,600	0,080
345,830	0,080
346,060	0,080
346,290	0,080
346,520	0,070
346,750	0,070
346,980	0,060
347,210	0,060
347,430	0,060
347,660	0,060
347,890	0,060
348,120	0,050
348,350	0,050
348,580	0,050
348,810	0,040
349,040	0,040
349,270	0,030
349,500	0,030
349,730	0,020
349,960	0,010
350,190	0,000
	
	
	
	
	
	
	
	
	
	
	
	
	
	
	
	
	
	
	
	
	
	
	
	
	
	
	
	
	
	
	
	
	
	
	
	
	
	
	
	
	
	
	
	
	
	
	
	
	
	
	
	
	
	
	
	
	
	
	
	
	
	
	
	
	
	
	
	
	
	
	
	
	
	
	
	
	
	
	
	
	
	
	
	
	
	
	
	
	
	
	
	
	
	
	
	
	
	
	
	
	
	
	
	
	
	
	
	
	
	
	
	
	
	
	
	
	
	
	
	
	
	
	
	
	
	
	
	
	
	
	
	
	
	
	
	
	
	
	
	
	
	
	
	
	
	
	
	
	
	
	
	
	
	
	
	
	
	
	
	
	
	
	
	
	
	
	
	
	
	
	
	
	
	
	
	
	
	
	
	
	
	
	
	
	
	
	
	
	
	
	
	
	
	
	
	
	
	
	
	
	
	
	
	
	
	
	
	
	
	
	
	
	
	
	
	
	
	
	
	
	
	
	
	
	
	
	
	
	
	
	
	
	
	
	
	
	
	
	
	
	
	
	
	
	
	
	
	
	
	
	
	
	
	
	
	
	
	
	
	
	
	
	
	
	
	
	
	
	
	
	
	
	
	
	
	
	
	
	
	
	
	
	
	
	
	
	
	
	
	
	
	
	
	
	
	
	
	
	
	
	
	
	
	
	
	
	
	
	
	
	
	
	
	
	
	
	
	
	
	
	
	
	
	
	
	
	
	
	
	
	
	
	
	
	
	
	
	
	
	
	
	
	
	
	
	
	
	
	
	
	
	
	
	
	
	
	
	
	
	
	
	
	
	
	
	
	
	
	
	
	
	
	
	
	
	
	
	
	
	
	
	
	
	
	
	
	
	
	
	
	
	
	
	
	
	
	
	
	
	
	
	
	
	
	
	
	
	
	
	
	
	
	
	
	
	
	
	
	
	
	
	
	
	
	
	
	
	
	
	
	
	
	
	
	
	
	
	
	
	
	
	
	
	
	
	
	
	
	
	
	
	
	
	
	
	
	
	
	
	
	
	
	
	
	
	
	
	
	
	
	
	
	
	
	
	
	
	
	
	
	
	
	
	
	
	
	
	
	
	
	
	
	
	
	
	
	
	
	
	
	
	
	
	
	
	
	
	
	
	
	
	
	
	
	
	
	
	
	
	
	
	
	
	
	
	
	
	
	
	
	
	
	
	
	
	
	
	
	
	
	
	
	
	
	
	
	
	
	
	
	
	
	
	
	
	
	
	
	
	
	
	
	
	
	
	
	
	
	
	
	
	
	
	
	
	
	
	
	
	
	
	
	
	
	
	
	
	
	
	
	
	
	
	
	
	
	
	
	
	
	
	
	
	
	
	
	
	
	
	
	
	
	
	
	
	
	
	
	
	
	
	
	
	
	
	
	
	
	
	
	
	
	
	
	
	
	
	
	
	
	
	
	
	
	
	
	
	
	
	
	
	
	
	
	
	
	
	
	
	
	
	
	
	
	
	
	
	
	
	
	
	
	
	
	
	
	
	
	
	
	
	
	
	
	
	
	
	
	
	
	
	
	
	
	
	
	
	
	
	
	
	
	
	
	
	
	
	
	
	
	
	
	
	
	
	
	
	
	
	
	
	
	
	
	
	
	
	
	
	
	
	
	
	
	
	
	
	
	
	
	
	
	
	
	
	
	
	
	
	
	
	
	
	
	
	
	
	
	
	
	
	
	
	
	
	
	
	
	
	
	
	
	
	
	
	
	
	
	
	
	
	
	
	
	
	
	
	
	
	
	
	
	
	
	
	
	
	
	
	
	
	
	
	
	
	
	
	
	
	
	
	
	
	
	
	
	
	
	
	
	
	
	
	
	
	
	
	
	
	
	
	
	
	
	
	
	
	
	
	
	
	
	
	
	
	
	
	
	
	
	
	
	
	
	
	
	
	
	
	
	
	
	
	
	
	
	
	
	
	
	
	
	
	
	
	
	
	
	
	
	
	
	
	
	
	
	
	
	
	
	
	
	
	
	
	
	
	
	
	
	
	
	
	
	
	
	
	
	
	
	
	
	
	
	
	
	
	
	
	
	
	
	
	
	
	
	
	
	
	
	
	
	
	
	
	
	
	
	
	
	
	
	
	
	
	
	
	
	
	
	
	
	
	
	
	
	
	
	
	
	
	
	
	
	
	
	
	
	
	
	
	
	
	
	
	
	
	
	
	
	
	
	
	
	
	
	
	
	
	
	
	
	
	
	
	
	
	
	
	
	
	
	
	
	
	
	
	
	
	
	
	
	
	
	
	
	
	
	
	
	
	
	
	
	
	
	
	
	
	
	
	
	
	
	
	
	
	
	
	
	
	
	
	
	
	
	
	
	
	
	
	
	
	
	
	
	
	
	
	
	
	
	
	
	
	
	
	
	
	
	
	
	
	
	
	
	
	
	
	
	
	
	
	
	
	
	
	
	
	
	
	
	
	
	
	
	
	
	
	
	
	
	
	
	
	
	
	
	
	
	
	
	
	
	
	
	
	
	
	
	
	
	
	
	
	
	
	
	
	
	
	
	
	
	
	
	
	
	
	
	
	
	
	
	
	
	
	
	
	
	
	
	
	
	
	
	
	
	
	
	
	
	
	
	
	
	
	
	
	
	
	
	
	
	
	
	
	
	
	
	
	
	
	
	
	
	
	
	
	
	
	
	
	
	
	
	
	
	
	
	
	
	
	
	
	
	
	
	
	
	
	
	
	
	
	
	
	
	
	
	
	
	
	
	
	
	
	
	
	
	
	
	
	
	
	
	
	
	
	
	
	
	
	
	
	
	
	
	
	
	
	
	
	
	
	
	
	
	
	
	
	
	
	
	
	
	
	
	
	
	
	
	
	
	
	
	
	
	
	
	
	
	
	
	
	
	
	
	
	
	
	
	
	
	
	
	
	
	
	
	
	
	
	
	
	
	
	
	
	
	
	
	
	
	
	
	
	
	
	
	
	
	
	
	
	
	
	
	
	
	
	
	
	
	
	
	
	
	
	
	
	
	
	
	
	
	
	
	
	
	
	
	
	
	
	
	
	
	
	
	
	
	
	
	
	
	
	
	
	
	
	
	
	
	
	
	
	
	
	
	
	
	
	
	
	
	
	
	
	
	
	
	
	
	
	
	
	
	
	
	
	
	
	
	
	
	
	
	
	
	
	
	
	
	
	
	
	
	
	
	
	
	
	
	
	
	
	
	
	
	
	
	
	
	
	
	
	
	
	
	
	
	
	
	
	
	
	
	
	
	
	
	
	
	
	
	
	
	
	
	
	
	
	
	
	
	
	
	
	
	
	
	
	
	
	
	
	
	
	
	
	
	
	
	
	
	
	
	
	
	
	
	
	
	
	
	
	
	
	
	
	
	
	
	
	
	
	
	
	
	
	
	
	
	
	
	
	
	
	
	
	
	
	
	
	
	
	
	
	
	
	
	
	
	
	
	
	
	
	
	
	
	
	
	
	
	
	
	
	
	
	
	
	
	
	
	
	
	
	
	
	
	
	
	
	
	
	
	
	
	
	
	
	
	
	
	
	
	
	
	
	
	
	
	
	
	
	
	
	
	
	
	
	
	
	
	
	
	
	
	
	
	
	
	
	
	
	
	
	
	
	
	
	
	
	
	
	
	
	
	
	
	
	
	
	
	
	
	
	
	
	
	
	
	
	
	
	
	
	
	
	
	
	
	
	
	
	
	
	
	
	
	
	
	
	
	
	
	
	
	
	
	
	
	
	
	
	
	
	
	
	
	
	
	
	
	
	
	
	
	
	
	
	
	
	
	
	
	
	
	
	
	
	
	
	
	
	
	
	
	
	
	
	
	
	
	
	
	
	
	
	
	
	
	
	
	
	
	
	
	
	
	
	
	
	
	
	
	
	
	
	
	
	
	
	
	
	
	
	
	
	
	
	
	
	
	
	
	
	
	
	
	
	
	
	
	
	
	
	
	
	
	
	
	
	
	
	
	
	
	
	
	
	
	
	
	
	
	
	
	
	
	
	
	
	
	
	
	
	
	
	
	
	
	
	
	
	
	
	
	
	
	
	
	
	
	
	
	
	
	
	
	
	
	
	
	
	
	
	
	
	
	
	
	
	
	
	
	
	
	
	
	
	
	
	
	
	
	
	
	
	
	
	
	
	
	
	
	
	
	
	
	
	
	
	
	
	
	
	
	
	
	
	
	
	
	
	
	
	
	
	
	
	
	
	
	
	
	
	
	
	
	
	
	
	
	
	
	
	
	
	
	
	
	
	
	
	
	
	
	
	
	
	
	
	
	
	
	
	
	
	
	
	
	
	
	
	
	
	
	
	
	
	
	
	
	
	
	
	
	
	
	
	
	
	
	
	
	
	
	
	
	
	
	
	
	
	
	
	
	
	
	
	
	
	
	
	
	
	
	
	
	
	
	
	
	
	
	
	
	
	
	
	
	
	
	
	
	
	
	
	
	
	
	
	
	
	
	
	
	
	
	
	
	
	
	
	
	
	
	
	
	
	
	
	
	
	
	
	
	
	
	
	
	
	
	
	
	
	
	
	
	
	
	
	
	
	
	
	
	
	
	
	
	
	
	
	
	
	
	
	
	
	
	
	
	
	
	
	
	
	
	
	
	
	
	
	
	
	
	
	
	
	
	
	
	
	
	
	
	
	
	
	
	
	
	
	
	
	
	
	
	
	
	
	
	
	
	
	
	
	
	
	
	
	
	
	
	
	
	
	
	
	
	
	
	
	
	
	
	
	
	
	
	
	
	
	
	
	
	
	
	
	
	
	
	
	
	
	
	
	
	
	
	
	
	
	
	
	
	
	
	
	
	
	
	
	
	
	
	
	
	
	
	
	
	
	
	
	
	
	
	
	
	
	
	
	
	
	
	
	
	
	
	
	
	
	
	
	
	
	
	
	
	
	
	
	
	
	
	
	
	
	
	
	
	
	
	
	
	
	
	
	
	
	
	
	
	
	
	
	
	
	
	
	
	
	
	
	
	
	
	
	
	
	
	
	
	
	
	
	
	
	
	
	
	
	
	
	
	
	
	
	
	
	
	
	
	
	
	
	
	
	
	
	
	
	
	
	
	
	
	
	
	
	
	
	
	
	
	
	
	
	
	
	
	
	
	
	
	
	
	
	
	
	
	
	
	
	
	
	
	
	
	
	
	
	
	
	
	
	
	
	
	
	
	
	
	
	
	
	
	
	
	
	
	
	
	
	
	
	
	
	
	
	
	
	
	
	
	
	
	
	
	
	
	
	
	
	
	
	
	
	
	
	
	
	
	
	
	
	
	
	
	
	
	
	
	
	
	
	
	
	
	
	
	
	
	
	
	
	
	
	
	
	
	
	
	
	
	
	
	
	
	
	
	
	
	
	
	
	
	
	
	
	
	
	
	
	
	
	
	
	
	
	
	
	
	
	
	
	
	
	
	
	
	
	
	
	
	
	
	
	
	
	
	
	
	
	
	
	
	
	
	
	
	
	
	
	
	
	
	
	
	
	
	
	
	
	
	
	
	
	
	
	
	
	
	
	
	
	
	
	
	
	
	
	
	
	
	
	
	
	
	
	
	
	
	
	
	
	
	
	
	
	
	
	
	
	
	
	
	
	
	
	
	
	
	
	
	
	
	
	
	
	
	
	
	
	
	
	
	
	
	
	
	
	
	
	
	
	
	
	
	
	
	
	
	
	
	
	
	
	
	
	
	
	
	
	
	
	
	
	
	
	
	
	
	
	
	
	
	
	
	
	
	
	
	
	
	
	
	
	
	
	
	
	
	
	
	
	
	
	
	
	
	
	
	
	
	
	
	
	
	
	
	
	
	
	
	
	
	
	
	
